1111111011110000101111111
1000001010010011001000001
1011101001000111001011101
1011101000011001001011101
1011101010011010001011101
1000001011101111001000001
1111111010101010101111111
0000000011000100100000000
1110011011011100011110011
1010100100001001010000101
1001001111101111111111101
0011010110111010100000101
1000101001100110110110101
0101110110100111100010010
1111011100010001101011000
0011110101000100011010011
1100001111011100111110101
0000000010001001100010111
1111111000001110101010111
1000001011111011100010111
1011101000100110111111111
1011101000100110000110100
1011101010110000111011111
1000001010000100000000010
1111111011111100111111011